701
702
703
704
705
706
707
708
709
710
712
801
802
803
804
805
806
807
808
809
810
811
812
901
902
903
904
905
906
907
908
909
910
911
912
1001
1002
1003
1004
1005
1006
1007
1008
1009
1010
1011
1012
1101
1102
1103
1104
1105
1106
1107
1108
1109
1110
1111
1112
1201
1202
1203
1204
1205
1206
1208
1209
1210
1211
1212
1301
1303
1304
1305
1306
1307
1308
1309
1310
1311
1312
1401
1402
1403
1404
1405
1406
1407
1408
1409
1410
1411
1412
1501
1502
1503
1504
1505
1506
1508
1509
1510
1512
1601
1602
1603
1604
1605
1606
1607
1608
1609
1610
1611
1612
1701
1702
1703
1704
1705
1706
1707
1708
1709
1710
1711
1712
1801
1802
1803
1804
1805
1806
1807
1808
1809
1810
1811
1901
1903
1904
1905
1906
1907
1908
1909
1910
1911
1912
2001
2002
2003
2004
2005
2006
2007
2008
2009
2010
2011
2012
2101
2102
2103
2104
2105
2106
2107
2109
2110
2111
2112
2201
2202
2203
2204
2205
2206
2207
2209
2210
2211
2212
